{"metadata":{"version":4.5,"type":"Object","generator":"Object3D.toJSON"},"geometries":[{"uuid":"F09C05FA-8498-4F49-939E-906F4C18F63C","type":"PlaneGeometry","width":60,"height":40,"widthSegments":1,"heightSegments":1},{"uuid":"091FF71A-E3C5-4E16-AFDE-FBB7DFADEB4E","type":"BoxGeometry","width":2,"height":2,"depth":2},{"uuid":"45BA4C62-AE24-4ED5-9EFD-C3FD76A850E7","type":"BoxGeometry","width":3,"height":3,"depth":3},{"uuid":"13F50985-21D7-4D28-AACF-CA5EAEBED271","type":"BoxGeometry","width":3,"height":3,"depth":3},{"uuid":"A843490C-959C-491A-B107-EBA4C29B56B0","type":"BoxGeometry","width":3,"height":3,"depth":3}],"materials":[{"uuid":"BB729473-E972-4828-B025-EFD956A43234","type":"MeshLambertMaterial","color":16777215,"emissive":0,"depthFunc":3,"depthTest":true,"depthWrite":true},{"uuid":"FAFB1DCC-7A7C-4EC1-9C65-547E84BA8F09","type":"MeshLambertMaterial","color":3334552,"emissive":0,"depthFunc":3,"depthTest":true,"depthWrite":true},{"uuid":"7C8321FA-0104-4247-80D1-B6D9790131E7","type":"MeshLambertMaterial","color":6435181,"emissive":0,"depthFunc":3,"depthTest":true,"depthWrite":true},{"uuid":"C521E6F8-76D1-4890-B0DF-DF397BB74313","type":"MeshLambertMaterial","color":3785603,"emissive":0,"depthFunc":3,"depthTest":true,"depthWrite":true},{"uuid":"BE7B73B8-410B-49BD-9A39-B3EEA3883E3E","type":"MeshLambertMaterial","color":567897,"emissive":0,"depthFunc":3,"depthTest":true,"depthWrite":true}],"object":{"uuid":"86F52C2B-6464-464F-AFAA-FDB6FC470EAD","type":"Scene","matrix":[1,0,0,0,0,1,0,0,0,0,1,0,0,0,0,1],"children":[{"uuid":"4B702E79-BAB7-4D29-8E6F-4B0D33BBA030","type":"PerspectiveCamera","matrix":[0.7071067811865475,5.551115123125783e-17,0.7071067811865475,0,0.485071250072666,0.7276068751089988,-0.4850712500726659,0,-0.5144957554275265,0.6859943405700353,0.5144957554275265,0,-30,40,30,1],"fov":45,"zoom":1,"near":0.1,"far":1000,"focus":10,"aspect":2.1511811023622047,"filmGauge":35,"filmOffset":0},{"uuid":"958CFBB0-F869-47D1-A604-4149A82DDDA8","type":"Mesh","receiveShadow":true,"matrix":[1,0,0,0,0,2.220446049250313e-16,-1,0,0,1,2.220446049250313e-16,0,0,0,0,1],"geometry":"F09C05FA-8498-4F49-939E-906F4C18F63C","material":"BB729473-E972-4828-B025-EFD956A43234"},{"uuid":"F5B98852-B9F8-42AA-B724-7EB5E633083A","type":"AmbientLight","matrix":[1,0,0,0,0,1,0,0,0,0,1,0,0,0,0,1],"color":789516,"intensity":1},{"uuid":"94CE8A2A-DC76-40B0-A9C3-25D5F1093436","type":"SpotLight","castShadow":true,"matrix":[1,0,0,0,0,1,0,0,0,0,1,0,-40,60,-10,1],"color":16777215,"intensity":1,"distance":0,"angle":1.0471975511965976,"decay":1,"penumbra":0,"shadow":{"camera":{"uuid":"56F9CE07-8C56-4E9C-B58B-4B082ACC40E0","type":"PerspectiveCamera","fov":119.99999999999999,"zoom":1,"near":0.5,"far":500,"focus":10,"aspect":1,"filmGauge":35,"filmOffset":0}}},{"uuid":"2970153B-2DCD-4E04-B0F3-057BFE14AB45","type":"Mesh","name":"cube-4","castShadow":true,"matrix":[0.08133279951306038,-0.5353393582007727,0.8407120477812563,0,0.2733455235346446,-0.7991833308601703,-0.5353393582007727,0,0.958471283078914,0.2733455235346446,0.08133279951306038,0,-23,4,-15,1],"geometry":"091FF71A-E3C5-4E16-AFDE-FBB7DFADEB4E","material":"FAFB1DCC-7A7C-4EC1-9C65-547E84BA8F09"},{"uuid":"34CDEC0A-0DC0-4FE5-B57D-C4BAD62771F4","type":"Mesh","name":"cube-5","castShadow":true,"matrix":[0.004781507951263864,-0.13780074843262066,0.9904484292042274,0,0.0689829336356145,-0.9880548105234008,-0.1378007484326207,0,0.9976063813191735,0.06898293363561452,0.0047815079512635306,0,19,2,-18,1],"geometry":"45BA4C62-AE24-4ED5-9EFD-C3FD76A850E7","material":"7C8321FA-0104-4247-80D1-B6D9790131E7"},{"uuid":"D9272EC0-3DCB-4057-95B9-214484AA0D69","type":"Mesh","name":"cube-6","castShadow":true,"matrix":[0.01222567620945858,0.21910979560599492,0.9756236109846462,0,-0.10989180611255762,-0.9694919743962911,0.21910979560599492,0,0.9938683634116449,-0.10989180611255762,0.01222567620945858,0,-16,3,-14,1],"geometry":"13F50985-21D7-4D28-AACF-CA5EAEBED271","material":"C521E6F8-76D1-4890-B0DF-DF397BB74313"},{"uuid":"D2B5DD16-0F40-46BF-B234-207756946169","type":"Mesh","name":"cube-7","castShadow":true,"matrix":[0.4256746498643176,0.869156260347308,0.251730982522958,0,-0.4944448830023509,-0.009573545418235518,0.869156260347308,0,0.7578425628952775,-0.4944448830023509,0.4256746498643176,0,23,5,-11,1],"geometry":"A843490C-959C-491A-B107-EBA4C29B56B0","material":"BE7B73B8-410B-49BD-9A39-B3EEA3883E3E"}]}}